10
100009
100010
100011
100012
100023
10006
100111
100112
100135
100136
100180
100181
100182
100187
100188
10023
100237
10024
100245
100257
100266
100315
100316
100320
100352
100353
10051
100618
100762
100763
1010
101064
1011
101427
101515
101516
101517
101518
101519
101520
101582
101583
101588
101593
101624
101658
101659
101683
10172
101729
101793
101842
101843
101853
101858
101861
101862
101863
101887
101891
10193
10194
101961
101962
101963
101964
101965
102007
102013
102014
102015
102016
102105
102118
102226
10242
102420
10243
102437
102442
10248
10249
10250
10252
10265
102671
102692
102693
10276
10277
102830
102831
102927
102928
103100
103128
103135
103136
103142
103143
103202
103231
103232
10330
103336
103461
103557
103558
103560
103561
103572
103573
10360
10361
10362
10363
103663
103664
103669
103676
103682
103683
103684
103685
103699
103700
103702
103703
103713
103714
103717
103718
103719
103730
103866
103933
103964
10398
10399
104007
104152
104157
104158
104162
104167
104168
104169
104171
104172
104187
104188
104211
104212
104287
104343
104344
104386
104387
104400
104404
104405
104456
104466
104467
10447
10448
104493
104494
10455
10456
104583
104584
104599
104600
104601
104602
104606
104607
104608
104611
104612
104613
104621
104626
104627
104628
104629
104630
104634
104638
104639
104640
104641
104642
104643
104644
104645
104770
104771
104824
104825
104918
104919
10497
10498
104984
104985
105047
105291
105292
105293
105294
105295
105296
105462
105532
10563
10568
10571
10572
105781
105814
105815
105816
105819
105820
105846
105849
10587
10588
10589
105911
105915
105916
105953
105956
105969
106
106000
106001
106009
106010
106321
106322
106326
106329
106330
106336
106337
106347
106351
106352
106357
106358
106359
106360
106394
106395
106415
106416
10645
10646
106601
106606
106638
106639
106692
106693
106698
106797
106798
106943
106944
106945
106946
107
10710
107109
107151
107152
107223
107224
107260
107510
107511
107512
107513
107516
107517
107518
107519
10752
107520
107521
107522
107523
107524
107525
107526
107624
107625
107626
107627
107630
107633
107634
107635
107639
107640
107641
107646
107647
107648
10767
10768
10769
107752
107753
107789
107790
10781
10788
10812
10819
10820
108226
10825
10826
10827
10828
10829
10830
10831
108315
10832
108402
108418
108421
108426
108427
108428
108429
108517
108518
108519
108520
108678
108694
108695
108717
108718
108839
108972
108973
108974
10900
10901
10902
109057
109058
10910
10911
109115
109377
109378
109385
109386
10945
109485
109486
109489
109490
109493
109494
109518
109519
109520
109521
109657
109771
109829
109832
109883
109903
109904
109905
109906
109907
109908
109909
109912
109913
109914
109923
109924
109925
109939
109940
109983
109996
110012
110013
110014
110015
110016
110080
110081
110082
110083
110084
110085
110086
110087
110088
110089
110090
110091
110092
110093
110094
110095
110098
110106
11012
110171
110172
110331
110332
110333
110334
110503
110504
110505
110506
110507
110508
110509
110510
110511
110512
110513
110514
110515
110516
110528
110529
110530
110531
110532
110533
11057
110674
11070
11071
11074
11075
11076
11077
11081
11084
11085
11086
11087
110873
11088
110884
110885
110886
110887
11089
11090
11091
11093
11094
11100
11101
11110
11111
11116
111198
111199
111245
111246
111262
111263
111285
11133
111345
111346
111637
111638
111667
111682
111683
111707
111708
111709
111754
111755
111829
111830
111833
111834
111853
111854
111884
111903
111904
111905
111906
111940
111998
111999
112017
112018
112019
112037
112038
112119
112149
112211
112212
11224
11225
11231
112571
112605
11263
11264
112640
11270
11271
112712
112713
11272
112728
11273
11274
112744
112745
112746
112747
112748
112749
11275
11280
11281
112939
112940
112949
112980
112981
113031
113032
113033
113130
113131
113132
113133
113134
113135
113136
113137
113138
113174
113205
113206
113232
113237
113244
113289
113290
113291
113292
113313
113314
11336
11349
11350
11351
11352
11355
113553
11356
113580
11359
11360
113621
113622
113650
113676
113677
113682
11373
11374
113813
113814
113815
113816
113826
113827
113828
113829
113873
113874
113879
113880
113891
113956
113965
113966
113980
113988
113989
113990
113991
113992
113993
113994
113995
114004
114017
114018
114019
114020
114021
114022
114069
114070
114071
114072
11410
11411
114414
114484
114542
114545
114546
114549
114556
114696
114697
114705
114706
114751
114764
114765
114776
11488
11489
114919
115012
115013
11506
11507
115076
11508
115082
11509
11510
11511
115143
115144
115155
11516
11517
115174
115175
11518
11519
115301
115302
115304
115361
115394
115395
115412
115413
115496
115562
115563
115594
115595
115596
115699
115700
115715
115716
115717
115718
115731
115732
115735
115736
115758
115762
115766
115767
11580
115803
115804
115933
115934
11616
11617
11618
116181
116182
116185
11619
11620
11621
116213
116214
116215
116216
116217
11622
11623
116246
116262
116263
11631
11632
11639
11640
11645
11648
116545
116546
11659
11660
116651
116660
116763
116764
116765
116766
116767
116768
116879
116882
116900
116903
116934
116935
116969
116970
117012
117013
117014
117017
117061
117062
11718
117274
117275
117276
117277
117280
117281
117284
117285
117304
117307
117308
117321
117322
11752
11755
11761
11766
117719
117720
117723
117724
117749
117750
11780
118139
118278
118311
118553
118554
118558
118559
118560
118561
118562
118563
118574
118575
118576
118591
118592
118668
11870
11871
11872
11873
118807
118808
118809
118810
11882
118851
118933
118934
11897
118987
118988
118991
118992
11905
119050
119051
119052
119053
119054
119055
119210
119211
119220
11931
11932
11933
11934
11949
119495
119496
119497
119498
119499
119502
119503
119825
119826
119840
119845
119846
119847
119877
119879
11988
11989
11990
11991
11998
119986
119987
119988
119989
11999
119990
119991
1201
120115
120116
120117
120118
120135
120170
120171
120172
120431
120432
120433
120434
120435
120436
120437
120438
120439
120440
120499
12052
120547
120578
120611
120612
120625
120627
120636
120646
120825
120834
120835
120836
120837
120838
120839
12087
120873
12088
12089
12090
120905
120906
120909
12091
120910
120921
120922
120923
120968
120978
121066
121067
121143
121144
121160
121176
121193
121204
121205
121210
121233
121236
121328
121329
12136
12137
121392
121393
121394
12142
12143
12156
12157
121658
121659
121695
121865
12188
12189
12190
121926
121927
121928
121929
12193
12194
12195
121956
121957
12196
121963
121978
121983
121984
121993
121994
122003
122010
122011
122012
122013
122020
122021
122022
122023
122028
12203
12204
122071
122072
122077
122078
122094
122095
12213
12214
12215
12218
12219
122274
122275
122276
122277
122279
122298
122299
122302
122305
12237
122370
122371
12238
12239
12240
122403
122404
122444
122445
122469
122546
122547
122554
122555
122560
122561
12259
122599
12260
122616
122617
122618
122619
122621
122622
122623
122628
12263
12272
12273
122762
122763
122770
122771
122776
122777
122778
122779
122803
122804
122805
122806
122816
122817
122818
122819
122825
122826
12288
122934
122935
122993
122994
123151
123152
123153
123154
123155
123234
123239
123244
123245
123377
123378
123393
123394
123395
123465
123470
123471
123472
123473
123719
123720
123721
123722
123723
123724
12380
12381
123818
123819
12394
12395
123954
123955
123993
124022
124023
124046
124729
124730
124769
124770
124822
124823
124838
124839
124861
124864
124865
124866
124867
124868
124869
124870
124875
124885
124886
124889
124890
124891
124987
124988
125000
125014
125019
125020
125021
125022
125107
125108
125111
125181
125182
125183
125184
125185
125186
12533
12534
125344
125443
125527
125617
125618
125663
125664
12579
125801
125803
125804
125878
125879
125890
126333
126378
126379
126380
126381
126382
126383
126384
126385
126386
126387
126388
126389
126477
126750
126782
126803
126809
126810
126811
126814
12686
126965
127131
127132
127136
127203
127226
127227
127397
127416
127419
127420
127443
127444
127715
127716
127717
127720
127847
127848
127932
127935
127936
127946
128375
128376
128377
128378
128744
128745
128746
128852
128853
128875
128876
128877
128878
128879
128880
128881
128882
128950
128951
128985
128986
12900
12901
129143
129144
129221
129222
129403
129468
129469
129470
129471
129507
129517
129518
129519
129640
129641
129642
129687
129688
129691
129694
129727
129787
129788
129789
129821
129822
129823
129832
129836
129863
129889
129959
129985
130036
130111
130114
130115
13014
130149
13015
130155
130156
130158
130159
13016
130231
130252
130253
130254
130255
130256
130257
130264
130314
130315
130317
130318
130321
130510
130582
130616
13067
13068
130680
130681
130682
130683
130684
130725
130742
130743
13078
13079
13080
13081
130870
130871
13090
131008
131011
131106
131111
131171
131192
131201
131206
131207
131595
13166
13167
131839
131854
13189
13199
13200
132070
132117
132119
132120
132199
132200
132231
132232
132408
132415
132416
132417
132418
132490
132563
132564
132614
132615
132668
13270
13276
13287
13288
13291
132918
13305
133095
133241
13328
133299
133300
133305
133306
133307
133324
133392
133393
133415
133416
133417
133426
133465
133489
13351
133512
133513
133514
13352
13353
13354
133604
133605
133606
133824
133825
133967
133981
133982
133983
133990
133991
134232
13442
13443
134440
134503
134504
134528
134552
134554
134555
134556
134557
134558
134559
134620
134623
134644
134681
134682
134712
13474
13475
13476
13477
13478
13481
134819
134820
135029
135030
135031
135032
135033
135036
135037
13537
13538
135496
135497
135498
135499
135500
135501
135506
135507
135508
135509
135552
135553
135554
135555
135556
135678
135679
135720
135721
135722
135723
13578
135798
135799
135891
135935
135936
135939
135940
135941
135942
135943
135944
135945
135946
135947
135953
135956
135959
135960
135961
135962
135963
135967
135968
135969
135970
13607
136093
136094
136095
136096
136099
136100
136101
136102
136103
136104
136108
136109
136112
136113
136153
136234
136235
136246
136247
136325
13652
13653
136735
13689
13690
136947
136948
136949
137065
137147
137340
137345
137346
137347
137462
137465
137466
137497
137498
137499
137500
137501
137502
137503
137504
137510
137511
137512
137513
137514
137515
137516
137517
137726
137864
137869
137902
137903
137904
137905
137906
137967
137968
137996
137997
138013
138014
138033
138034
138035
138036
138037
138051
138072
138073
138074
138075
138076
138077
138119
138120
138124
138152
138153
138189
138190
138195
138198
138213
138214
138304
138305
138413
138414
138490
138491
138492
138493
138533
138585
138586
138596
138601
138602
138603
138660
138759
138760
138761
138762
138767
138768
138769
138770
138771
138772
138773
138774
138775
138776
138777
138778
138798
138799
138801
138802
138803
138804
138805
138806
138815
138816
138826
138832
138870
138887
138888
138889
138890
138891
138892
138893
138896
139054
139129
139130
139212
139213
139220
139221
139222
139223
139244
139245
139246
139247
139254
139257
139258
139259
139260
139321
139322
139329
139334
139335
139336
139337
139338
139339
139340
139341
139348
139349
139363
139412
139413
139414
139415
139416
139417
139418
139419
139574
13960
139608
139609
139610
139611
139612
139613
139614
139702
13971
13972
139729
14010
140123
14013
14014
14015
14016
14017
140276
140279
140327
140328
140331
140334
140502
140503
140513
140514
140515
140516
140517
140592
140607
140792
140802
140823
140945
140965
140966
140967
140968
140969
140970
140971
140972
140978
140979
140980
140981
140982
140983
140984
140985
141009
141010
141020
141126
141127
141516
141517
141518
141519
141526
141620
141632
141633
141666
141667
141705
141758
141759
141895
141907
142188
142189
142295
142296
142370
142371
142455
142456
142465
142466
14250
14251
14252
14253
142566
142567
142568
142569
142570
142571
142572
142670
142695
142709
142796
142799
142803
14282
14283
14284
14285
142870
142871
142882
142883
142886
142887
142896
142897
142902
142903
14294
14296
142962
142963
142964
142965
14297
142978
142979
14300
14301
14304
14305
143084
143085
143086
143092
143093
143094
143095
143096
143097
143098
143099
14310
143100
143101
143102
143103
143106
143107
143108
143109
14311
143201
143202
14329
14330
14333
143381
143382
143459
143460
14348
143484
143488
143489
14349
143500
143501
14358
14359
143697
143698
143754
14378
14379
143797
143834
143836
143837
143938
143939
143940
143941
143968
143969
144178
144179
144180
144181
144184
144185
144186
144187
144188
144189
144190
144191
144192
144193
144196
144197
144198
144199
144206
144221
144407
144408
144449
144451
144453
144454
144456
144460
144475
144476
144480
144483
144490
144507
144508
14458
14459
144635
144636
144649
144650
144651
144652
144653
144654
144655
144797
144800
144881
144962
145047
145132
145133
145218
145219
145226
145227
145229
145230
145231
145232
145233
145234
145235
145342
145343
145397
145398
145399
145400
145401
145402
145471
145472
145475
145476
145477
145478
145479
145480
145481
145482
145483
145573
145578
145579
145580
145581
145582
145583
145586
145587
145588
145589
145591
145592
145593
145594
145612
145624
145683
145684
145687
145688
145689
145690
145692
145693
145712
145735
145740
145759
145804
145825
145826
14601
14602
14603
14614
146259
146260
146298
146301
146302
146303
146306
146312
146313
146316
146317
146318
146319
146323
146327
146328
146445
146571
146572
146587
146588
146771
146806
146807
146811
14684
14685
14686
146861
146862
14687
14688
14689
14690
14691
14692
14693
14694
14695
14696
14697
147005
147006
14702
14703
147039
14704
147041
147042
147043
147044
14705
147053
147054
147055
147056
14706
14707
14708
147095
147123
14715
147178
147179
14718
147180
147184
147185
147186
14719
147196
147197
14724
14727
14728
147284
14734
14735
147354
147355
147356
147357
147358
147393
147394
147395
147396
147397
147398
147399
147402
147403
147405
147406
147407
147408
147409
147410
147411
147412
147413
147414
147415
147416
147442
147444
147445
147447
14745
147456
147458
147459
14746
147460
147461
147472
147473
14748
147484
147485
147487
147488
14751
147525
147526
147536
147565
147566
14757
14764
147665
147666
147667
147668
147767
147768
147769
147770
147792
147793
147897
147898
147899
148
148094
14817
148211
148212
14839
14842
14843
148490
148495
148496
14852
148531
148532
148540
148541
148544
148582
148584
14862
148804
148805
148806
148807
148842
148843
148847
148848
148849
148852
148854
148855
148874
148875
14892
148960
148962
148966
148970
149044
149045
149046
149047
149048
149049
149050
149051
149147
149148
14915
14916
149164
14917
14918
14919
14920
14923
14924
149314
149315
149316
149317
149318
149327
149328
149336
149430
149431
149470
149485
149486
149504
149505
149508
149509
149536
149537
149538
149539
149685
149702
149703
149710
149720
149721
149722
149723
149724
149725
149726
149727
149728
149729
149730
149731
14976
14977
14978
14979
149791
149798
149799
149824
149825
149828
149833
149842
149857
149858
149861
149862
149863
149864
149894
149895
14992
149927
149928
14993
14994
149944
149945
149946
149947
14995
149977
149978
149981
149982
149985
149986
149993
149994
149999
150000
150003
150004
15002
150025
150026
150027
150028
150150
15018
150182
150183
15019
15020
15021
150356
150357
150370
150371
150380
150424
150425
150426
150427
150428
150429
150430
150431
150433
150434
150435
150436
150437
150438
150439
15047
150472
150477
150531
150542
150562
150565
150569
150570
150688
150689
150770
151227
151228
151231
151258
151259
151282
151283
151362
151363
151465
151466
151480
151481
151482
151483
151484
151485
151492
151493
151494
151495
151496
151497
151498
151501
151502
151503
151504
151505
151506
151507
151508
151509
151510
151511
151512
151548
151549
151605
151606
151723
151724
151725
151726
151753
15176
151766
151792
151795
15183
15187
151892
151904
151906
151907
15191
151910
151911
151912
151913
151914
151915
151916
151917
15192
15193
15194
15195
15196
15197
15198
15199
15200
15201
15202
152049
152051
152091
152123
152126
152246
152247
152248
15227
152332
152335
152340
152341
152387
152388
152389
152390
152391
152393
152473
152474
152482
152484
152664
152665
15268
15269
152691
15272
15273
152790
152791
152792
152793
152794
152809
152810
152811
152812
152827
152884
152885
152886
152887
152888
152889
152890
152891
152892
152893
152894
152897
152898
15290
15291
152982
152983
152984
152987
152988
152989
153034
153041
153085
153086
153114
153115
153145
153185
153190
153213
153216
153223
153224
153227
153265
153266
153269
153270
153271
153272
153340
153342
153347
153353
153354
153357
153358
153359
153363
153365
153367
153395
153396
153398
153399
153463
153495
153496
153499
153500
153659
153660
15370
15371
153812
153850
153852
153853
153854
153855
153856
153877
153892
153893
153894
15390
15391
15393
15394
153991
153994
153997
154017
154079
154080
15410
15411
154144
154171
154172
154175
154176
154291
154526
154573
154609
15461
154610
154617
154618
15462
154653
154808
154809
154810
154811
154816
154817
154818
154819
154853
15493
15494
154978
154979
154980
154981
154984
154985
15504
155043
155044
155045
155046
15507
155232
155337
155343
155344
155345
155346
155347
155348
155349
155350
155353
155355
155461
155490
155611
155622
155623
155696
155721
155766
155767
155768
155769
155770
155771
155876
155877
155888
155889
155928
155929
156055
156056
156179
156180
156244
156245
156324
156346
156347
156414
156452
156453
156454
156455
156458
156494
156565
156566
156567
156608
156609
156610
156611
156612
156613
156616
156726
156781
156782
15700
157015
157036
157037
157050
157054
157058
157084
157085
157112
157187
157188
157277
157489
157583
157612
157613
157616
157617
157622
157623
157651
157652
157653
157654
157655
157656
157657
157658
157661
157662
157730
157936
158164
158165
158193
158194
158195
158196
158197
158198
158199
158200
158201
158202
15822
158223
158367
1584
15842
1585
158639
158640
158649
15865
158650
158712
158715
158716
158719
158720
158721
158722
158723
158724
158751
158756
158759
158762
158763
158764
158771
158883
1590
1591
1592
159211
159212
159238
159239
159240
159255
159258
159259
15926
159262
159263
159264
159265
159274
159275
1593
159434
159435
159438
159439
159549
159550
159572
159614
159810
159822
15983
15984
15985
15986
159990
159991
160065
160066
16019
160442
160443
160476
160477
160493
160494
160516
160517
160529
160530
160531
160614
160615
160667
160668
160699
160714
160715
160716
16161
16304
16305
1639
1640
16517
16518
16519
16520
16529
16530
1666
16768
16769
16832
16833
16834
16835
16836
16837
16945
16946
16951
16952
16953
16956
16957
16960
16963
16964
16965
16976
16980
16981
16984
16985
17057
1707
1708
1709
17098
17099
17117
17118
17119
17120
17121
17122
17123
17124
17129
17130
17131
17132
1714
1715
1716
1717
17242
17243
17244
17250
17251
17357
17358
17393
17394
17395
17661
17662
17738
17777
17945
17966
17970
17971
17977
17978
18001
18002
18003
18004
18019
18020
18045
18046
18090
18091
18161
18162
18232
18234
18241
18242
18243
18244
18245
18246
18247
18248
18249
18252
18253
1836
1839
1840
1841
18419
18420
18432
18536
18537
18538
18539
18540
18541
18544
18545
18546
18547
18550
18557
18646
18647
18649
18650
18857
18872
18879
18880
18881
18882
18883
18924
18925
1893
18946
18947
18948
18949
18950
18951
18952
18953
18954
18955
18966
18967
19002
19003
19004
19005
19006
19012
19013
19017
19018
19019
19020
19023
19026
19027
19051
1906
19110
19115
19116
19117
19118
19119
19234
19239
19320
19321
19322
19323
19364
19365
19444
1949
1951
1952
1953
19536
19537
1954
19541
19542
19547
19548
19554
1957
19579
19581
19616
19617
1962
19904
1993
1994
2004
2005
20056
20057
20150
2016
20163
2017
2018
2019
20206
20207
2021
20303
20320
20321
20322
20323
20446
20645
20646
20767
20768
20769
20770
20783
20784
20786
20857
20861
20863
20869
20877
20878
20879
20880
20881
20882
20883
20884
20885
20886
21055
21056
21057
21058
21059
21060
21151
21152
21202
2139
21444
21445
21448
21449
21450
21451
21452
21453
21635
21636
2167
21671
21672
21673
21674
21675
21676
2168
21713
21716
21717
21718
21719
21720
2173
21737
21738
21739
2174
2175
2176
21875
21878
21931
21932
21955
21956
21957
21958
21959
21972
22006
22007
22038
22039
22046
22047
22067
22068
22073
22074
22081
22082
22083
22084
22168
22169
22267
22268
22282
22295
22296
22326
22327
22360
22365
22366
22474
22542
22648
22649
22650
22685
22686
22687
22688
22708
22709
22710
22711
22714
22715
22724
22725
22726
22771
22772
22773
22783
22784
22785
22792
22852
22853
22900
22920
22921
22922
22923
22941
22945
22946
22955
22958
22959
22960
22963
22964
23106
23107
23116
23133
23262
23263
23284
23285
23325
23326
23377
23378
23395
23556
236
23671
237
23784
23785
23788
2398
2399
24
2400
24081
24253
24254
24310
2438
24389
2439
24397
24398
24399
2440
24404
24407
24410
24418
24419
24501
24502
24553
24554
24585
24608
24609
24627
24628
24629
24630
24685
24686
24687
24688
24689
24690
24691
24692
24693
24694
24697
24698
24699
24700
24701
24702
24703
24704
24705
24706
24763
24764
24765
24811
24812
24818
24819
24840
24841
24848
24870
24871
24930
25006
25007
25028
25029
25032
25033
25198
25199
25203
25204
25207
25208
25209
25210
25211
253
25392
25395
25418
25423
25523
25527
25528
25529
25574
25575
25578
25579
25705
2576
25790
25791
25800
25801
25820
25848
25849
259
25962
25963
25968
25970
25976
25977
25978
260
26031
26032
26041
26097
26098
261
262
26326
26327
26335
26340
26341
26344
26403
26580
26585
26626
26627
26632
26633
26712
26748
26750
26755
26784
26789
26804
26814
26830
26831
26858
2689
2695
2696
2697
2698
27
27014
27017
27048
27097
27100
2714
2715
27154
27196
27197
27206
27252
27369
27370
27442
27443
2745
27480
27481
27574
27575
27695
27735
27736
27756
27757
27769
27808
27811
27814
27815
27816
27817
27848
27894
27936
27937
27938
27939
28
2803
2804
28097
28103
28104
28105
28106
28107
28108
28109
28110
28115
28116
28117
28118
28119
28120
28121
28122
28123
28124
28125
28126
28127
28128
28129
28130
28139
28140
28141
28142
28143
28144
28195
28258
28259
28260
28307
28310
28313
28315
28359
28374
28375
28477
28478
28481
28482
28483
28488
28489
28490
28491
28492
28493
28494
28503
28504
2851
2852
28532
28608
28652
28669
28670
2881
2882
28894
28965
28966
28969
28970
29009
2901
29023
29071
29076
2912
29120
2913
2916
29182
29183
29216
29217
29218
2929
2930
2931
29351
29352
29356
29357
29359
2936
29360
29362
29363
2937
2940
29401
29402
29403
29404
29405
29406
2941
2942
29460
29461
2952
29521
29522
2953
2954
2955
2956
2957
29596
29597
29598
29599
29600
29601
29602
29603
29604
29605
29649
29650
29651
29652
29661
29679
29680
29683
29684
29709
29710
29711
2972
2973
2974
2975
2976
29772
29773
2981
2982
2983
2984
2985
29854
29855
2986
2987
29883
29884
29893
29894
29899
29919
29920
2996
3002
3003
30077
30110
30119
30120
30135
30136
30191
30192
30210
30211
30224
30225
30226
30315
30317
30318
30319
30320
30321
30322
30323
30324
30327
304
30402
30448
30463
30464
30465
30466
30467
30468
305
30510
30511
30613
30614
30615
30624
30650
30651
30652
30663
30664
30665
30666
30667
30668
30673
30682
3072
3073
30737
30738
30739
3074
30742
30743
30752
30757
30758
30773
30774
30819
30820
30823
30824
30886
30957
3096
31
31011
31040
31041
31046
31047
31048
31049
31142
31143
31165
31166
31277
31297
31298
31299
31300
31303
31304
31305
31313
31353
31389
31396
31468
31559
31560
31563
31678
31760
3184
31845
31846
31847
31848
31849
3185
31850
31994
32
32161
32162
3226
3229
3230
3231
3232
3233
3234
32390
32391
32392
32393
32495
32503
32504
3254
3255
3256
3257
32683
32684
32721
32952
3310
33142
33143
33205
33206
33207
33258
33273
33274
33275
33276
33277
33426
33540
33541
336
33894
33928
33929
33936
33937
33938
33946
33947
33948
33977
33982
33983
34000
3407
34099
34157
34197
34212
34213
34227
34330
34331
34411
34412
34414
34425
34426
34430
34433
34445
34446
34458
34459
34468
34469
34578
34585
34599
34600
34601
34604
34617
34618
34619
34671
34677
34680
34774
34777
34778
3478
34783
34784
34785
34786
34787
34788
34789
34790
34819
3482
3485
34892
34893
34894
34895
34896
34901
34907
34913
34919
34954
34973
35006
35007
35041
35042
35043
35045
35048
3505
35071
35072
3514
35188
35189
35358
35359
35374
35375
35394
35395
35413
35414
35415
35418
35424
35425
35426
35429
35446
35448
35449
35450
35472
35473
35475
35476
35477
35572
35573
35616
35620
35627
35631
35632
35633
35638
35694
35879
35923
35924
35933
35934
35935
35936
3598
3599
3604
3605
36069
36070
36093
36094
36135
36136
36147
36161
36162
36185
3621
3622
36321
36322
3637
36403
36404
36407
36408
36411
36412
36605
36698
36708
36709
36724
36725
36728
36729
36804
36821
36873
36874
36913
36925
36928
36963
36964
36985
36986
3703
37107
3711
37112
37189
37190
37191
3720
3721
37317
37320
37321
37322
37363
37364
37528
37529
37532
37591
37592
3760
3761
37610
37611
37612
37615
37616
37625
3766
3767
3768
3769
37713
37761
37762
3781
3782
37861
3787
38112
38131
3819
3820
38310
38311
38314
38317
38375
38382
38383
38384
38476
38614
38623
38654
38655
38726
3883
38841
38842
3887
38870
3888
39034
39035
39053
39056
39061
39062
39136
39137
3914
3915
39187
39188
39205
39251
39284
39285
39477
39479
39480
39481
39488
39489
39490
39491
39504
39509
39510
39523
39524
39533
39534
39624
39672
39673
39712
39713
39714
39715
39716
39717
39720
39723
39724
39730
39732
39753
39754
3976
3977
39859
39885
39904
39945
39946
39947
39948
40046
40060
40115
40116
40117
40118
40125
40126
40129
40130
40131
40132
40135
40136
40143
40144
40165
40166
40198
40235
40271
40272
40548
40675
4070
40799
40929
40932
40933
41017
41020
41082
41083
41116
41117
41118
41121
4115
41155
41156
4116
41266
41267
41268
41269
41274
41277
41284
41285
41286
41287
41288
41295
41302
41366
41377
41378
41379
41380
41384
41419
41420
41422
41452
41512
41513
41524
41525
41614
41629
41630
41639
41640
41655
41656
41664
41665
41728
41729
41737
41771
41772
41773
41774
41775
41776
41777
41836
41898
41899
41902
41903
41908
41957
41960
42193
42268
42269
42274
42281
42282
42290
42291
42292
42308
42309
42361
42362
42363
42364
42388
42451
42452
42529
42532
4256
4257
42654
4273
42731
42732
42733
42734
4274
4275
42759
42762
4278
4279
42817
42818
42838
42839
4284
4291
4292
42987
42988
42993
43094
43099
43104
43117
43142
43198
43203
4330
43314
43315
43321
43322
4334
4335
43356
43357
43358
43362
43379
43408
43409
43416
43417
43418
4344
43492
43493
43500
43501
43516
43583
43584
43587
43588
43589
43596
43597
43598
43643
43715
43730
43733
43765
43978
43981
44042
44043
44044
44053
44060
44184
44187
44218
44224
44242
44247
44328
44369
44372
44373
44374
44375
44380
44381
44433
44435
44466
44483
44484
44721
44722
44742
44743
44764
44861
44862
44863
44866
44867
44872
44877
44878
44888
44889
44972
44973
44991
44992
4504
4507
4509
45094
4511
45135
45205
45206
45207
45212
45213
45214
45221
45222
45229
45260
45265
45266
45271
45272
45280
45281
45306
45307
45406
45407
45560
45570
45586
45598
45599
45615
45628
45629
45708
45709
45768
45817
45818
45819
45820
45821
45822
45823
45824
45825
45826
45889
45890
45893
45909
45910
46014
46015
46080
46081
46082
46149
4615
46150
4616
46271
46272
46297
46327
46348
46349
46358
46359
46368
46448
46449
46457
46458
46593
46594
46635
46688
46727
46736
46771
46772
46773
46774
46780
46793
46932
46933
47017
47018
47083
47084
47085
47086
47087
47088
47089
47090
47091
47092
47125
47126
47129
47130
47154
47155
47156
47161
47162
47167
47172
47198
47199
47205
47206
47300
47331
47333
47391
47392
47393
47402
47403
47404
47405
47406
47407
47451
47466
4758
4759
4760
47610
47629
47630
47643
47644
47647
4765
47652
47653
47654
47655
47656
47657
47658
47659
47660
47661
47662
47663
47664
47665
47668
47677
47680
47681
47682
47683
47687
47688
47778
47779
47994
48003
48004
48010
48011
48012
48013
48014
48015
48016
48017
48018
48019
48020
48021
48022
48023
48024
48025
48026
48027
48028
48029
48030
48031
48032
48033
48034
48035
48093
48102
48103
48138
48139
48140
48141
48142
48143
48144
48145
48148
48149
48159
48187
48224
48234
48235
48236
48260
48261
483
48322
48323
48394
48395
48396
48397
48398
48399
484
48402
48403
48481
48484
48485
48486
48487
48488
48489
48524
4853
4854
48581
48582
48728
48729
48732
48907
48993
48994
49086
49089
49090
49091
49110
49164
49237
49238
49239
49240
49243
49244
49245
49246
49251
49309
49310
49317
49412
49505
49528
49695
49696
49697
49861
49895
49896
49903
50113
50114
50192
50381
50496
50497
50498
50510
50779
50838
50849
50853
50854
50855
50856
50860
50861
50862
50863
50866
50867
50931
50932
51084
51085
51086
51087
51088
51089
51169
5119
5120
5121
51362
51363
51416
51417
51418
51438
51512
51513
51516
51517
51518
51519
51635
51636
51642
51643
51651
51681
51684
51685
51686
51693
51694
51697
51700
51701
51703
51708
51709
51716
51717
51731
51737
51738
51743
51744
51750
51752
51753
51754
51755
51774
51785
51917
51918
51923
51924
5198
52000
52014
52018
52070
52071
52254
52255
52256
52257
52300
52301
52302
52337
52341
52344
52416
52417
52501
52544
52549
52552
52553
52556
52763
52764
52765
52766
52767
52771
52772
52785
52788
52861
52862
52863
52864
52928
52938
52944
53026
53056
53057
53058
53059
53064
53067
53068
53071
53072
53115
53116
53160
53161
53424
53425
53447
53448
53474
53475
53738
53815
53820
53821
53822
53825
53826
5383
5384
53842
53958
5402
54031
54032
54036
5408
54160
54161
54162
54167
54168
54169
54170
54171
54172
54173
54174
54314
54315
54316
54317
54323
54432
54433
54506
54507
54682
54683
54708
54709
54738
5492
55180
55182
55198
55199
55200
55201
55202
55203
55228
5525
5526
5527
5528
5532
55366
55367
55380
55381
55526
55527
55737
55738
55743
55744
55845
55846
56086
56087
56088
56089
56092
56093
56094
56100
56101
56102
56104
56105
56107
56108
56113
56116
56117
56118
56119
56125
56132
56133
56137
56386
56399
56400
56401
56402
56605
56606
56609
5670
5679
5704
57059
57062
57151
57152
57167
57175
57176
57177
57180
57181
57254
57255
57274
5743
5744
57599
57600
5767
57683
57684
57685
57686
57695
57696
57761
57762
57943
57952
57955
57981
57982
58139
58140
58154
58155
5829
58311
58312
5832
5833
58339
5834
58340
58383
58384
5847
5850
5851
58568
58577
58578
58585
58586
58587
58588
58589
58590
58591
58592
58593
58594
58595
58596
58597
58777
58778
58808
58809
5881
58810
58811
58855
58856
58859
58880
58881
5892
5894
5895
58957
58958
5896
5897
58980
59021
59025
59027
59028
5918
59210
5922
5923
59270
59271
59274
59275
59278
59279
59280
59283
59286
59287
59291
59294
59295
59302
59303
59313
59314
5936
5937
5940
59480
59482
59484
59506
5951
59525
59526
59654
59657
59658
59659
59681
59682
59683
59684
59685
59694
59706
59707
59761
59778
59779
59796
59797
59935
59936
59993
59994
60286
60482
60483
60488
60489
60498
60499
60686
60687
60700
60880
60885
60896
60897
60901
60902
60903
60904
60962
61138
61139
61140
61141
61142
61143
61144
61145
61146
61149
61150
61159
61160
61161
61193
61239
61240
61245
61258
61339
6147
61475
61476
6148
615
616
61624
61625
61765
61766
61977
61978
62024
62089
62090
62093
62094
62102
62103
62140
62194
622
623
62324
62325
62326
62383
6242
6248
62494
62499
62515
62516
62524
62527
62539
62540
62541
62571
62572
6259
6260
62973
63056
63073
6309
6312
6313
63163
63164
63165
63166
63308
63309
6339
63398
6342
63464
63585
63598
63599
63600
63601
63618
63681
63682
63685
63686
63691
63748
63751
63754
63757
63782
63783
63843
63844
63851
63852
63868
63869
63903
63968
64095
64104
64105
64106
64109
64111
64114
64121
64257
64258
64259
64260
6440
64413
64463
64474
64475
64476
64477
64478
64550
64551
64552
64553
64556
64557
64654
64655
64851
64852
64853
64854
64857
64858
64991
64992
64993
64994
65015
65016
65017
65018
65019
65020
65021
65022
65084
65085
65104
65105
65143
65144
65145
65150
65151
65152
65155
65158
65159
65162
65164
65170
65171
65189
65190
6520
6526
65271
65272
65275
65276
6534
65390
65391
65408
65409
6543
6549
6550
65530
65531
65569
65849
65852
65856
66039
66040
66043
66047
66048
66049
66050
66051
66052
66053
66054
66055
66056
66057
66058
66062
66063
66065
66066
66067
66068
66084
66125
66126
66127
66128
66129
66133
66265
66266
66267
66268
66269
66270
66271
66272
66277
66282
66294
66307
66318
66328
66338
66339
66340
66341
66381
66401
66402
66497
66574
66575
66674
66681
66682
66685
66686
66715
66789
66790
66791
66795
66798
66799
66802
66803
66804
66805
66814
66815
66816
66817
66818
66819
66828
66829
66834
66835
66836
66837
66838
66841
66842
66843
66846
66850
66865
66918
67117
67122
67173
67174
67175
67211
67212
67213
67214
67313
67314
67315
67316
67317
67318
67319
67320
67323
67324
67325
67326
67327
67329
67330
67462
67463
67475
67476
67512
67513
67516
67517
67534
67535
67536
67537
67540
67541
67542
67577
67578
67581
67599
67600
67659
67662
67663
67664
67665
67722
67729
67730
67743
67885
67894
67895
67896
67932
67960
67961
67968
68015
68027
68028
68029
68036
68037
68106
68108
68109
68110
68111
68112
68186
68187
68196
68199
68257
68260
68333
68335
68336
68436
68441
68442
68463
68464
68465
68466
68468
68469
68487
68488
68519
68789
68801
68802
68811
68812
68874
68875
68876
68877
68878
68879
68880
68881
68882
68883
68889
68890
68948
68978
69036
69037
69038
69039
69129
69130
69132
69133
69134
69151
69152
69167
69168
69169
69170
69175
69176
69179
69180
69223
69438
69445
69446
69447
69448
69449
69504
69786
69787
69801
69802
6987
6990
6994
6995
6996
70035
70036
70094
70095
70096
70100
70102
70103
70105
70218
70219
70220
70221
70222
70223
70243
70244
70411
70412
70555
70575
70643
70644
70662
70663
70692
70693
70830
70831
7095
7096
7102
7103
71076
71077
71086
71087
71089
71090
7112
7118
7119
7127
7128
7129
7134
71400
71402
71403
71489
71490
71496
71500
71501
71505
71506
71837
71838
71864
71865
72040
72041
72048
72049
72050
72051
72052
72053
72056
72057
72062
72063
72129
72139
72172
72173
72180
72183
72184
72433
72446
72447
72477
72478
72487
72488
72505
72535
72536
72537
72629
72699
72700
72743
72744
72781
72811
72812
72813
72814
72815
72823
72824
72825
72826
72827
72828
72829
72830
72831
72832
72996
72997
72999
73000
73042
73043
73111
73143
73157
73160
73165
73166
732
73293
73296
73299
733
73393
734
73416
73537
73538
73539
73541
739
73919
73920
740
74304
74305
74306
74307
74308
74309
74328
74331
74346
74347
74353
74354
74355
74356
74357
74358
74359
74360
74361
74362
74363
74364
74365
74366
74396
74397
74398
74482
74483
74484
74485
74520
74521
74644
74645
74646
74680
74683
74684
74685
74686
74719
74738
74739
7475
74752
74755
74756
74757
74758
74759
7476
74760
74761
74764
74774
74775
74776
74777
74778
74779
74783
74784
74785
7479
74790
74793
74794
74796
74797
74798
74799
7480
74806
74862
74863
74885
74886
74887
7490
7491
7492
74920
74921
74922
7493
74959
74960
74961
74962
74985
74999
75000
75022
75023
75024
75025
75026
75027
75048
75049
75052
75053
75054
75106
75133
75201
75239
75241
75265
75329
75418
75496
75497
75539
7558
7559
75653
75680
757
7574
75770
75771
75779
75780
75785
75786
75788
75789
75791
75792
758
7583
7586
75870
7588
759
75900
75901
75902
75903
76085
76105
76118
76119
76130
76131
76146
76153
76154
76200
76201
76202
76203
76204
76205
76206
76207
76208
76209
76327
76401
76402
76546
76560
7663
7664
76664
76673
76674
76675
76676
76737
76795
76796
76797
76798
76799
76800
76831
76832
76871
76872
77085
77086
77135
77138
77139
77140
77142
77143
77152
77153
77173
77176
77177
77194
77195
77196
7723
7724
77298
77299
77302
77305
77308
77309
77310
77323
77328
77331
77333
77334
77379
77380
77385
77386
77387
77388
77389
77390
77391
77456
77553
77579
77658
77659
77660
77661
77662
77663
77664
77665
77666
77667
77837
77838
77839
77840
77841
77853
77854
77855
77856
77857
77866
77885
77896
77923
77924
77928
77935
77940
77941
77942
77943
77944
77945
77948
77949
77950
77951
77952
77953
77954
77955
77956
77959
77976
77977
77978
77980
77993
77994
77995
77996
77997
77998
77999
78000
78001
78002
78013
78014
78047
78065
78122
78124
78186
78187
78188
78189
78190
78198
78199
7828
7829
7830
78307
7831
78310
78311
78312
78313
78314
78315
78316
78323
78324
78338
78342
78355
78403
78410
78413
78418
78421
78453
78454
78455
78457
78556
78557
78618
78623
78629
7865
7866
7867
7868
7869
7870
7875
78961
78975
78976
78977
78978
79193
79194
79210
79211
79231
79232
79235
79236
79237
79238
79239
79265
79270
79293
79294
79295
79296
79297
79298
79299
79300
79301
79302
79350
79351
79354
79377
79378
79385
79404
79405
79524
79532
79533
79535
79536
79542
79614
79615
79618
79619
79659
7977
79839
79863
79866
79871
79874
79875
79876
79877
79878
79879
79880
79881
79882
79883
79884
79885
79886
79887
79961
79962
79976
79977
79978
79979
79984
79985
80010
80011
80209
80210
80211
80212
80213
80214
80251
80252
80253
80312
80313
80517
80518
80726
80727
8073
8074
80781
80790
81012
81013
81032
81048
81049
81050
81051
81052
81053
81054
81055
81079
81080
81081
81176
81177
81239
81240
81351
81370
81466
81467
81472
81479
81480
81481
81482
81483
81484
81485
81486
81498
81563
81564
81565
81566
81675
81682
81683
81684
81685
81934
81935
81936
81937
81940
81941
81942
81943
81971
81972
82077
8213
8214
8216
82197
82198
82199
82200
8240
8241
8242
8243
82545
82546
82563
82564
82565
82566
82567
82570
82574
82613
82721
82722
82723
82724
82727
82730
82735
82744
82745
82937
82938
83014
83120
83144
83145
83178
83179
83241
83242
83333
83403
83417
83422
83424
83427
83428
83431
83433
83434
83437
83438
8344
83443
83446
8345
8346
83483
83484
83573
83623
83626
83627
83628
83932
8397
8398
83982
8399
8400
8401
8402
84031
84032
84447
84448
84453
84458
8448
84486
8461
8462
8463
84637
84638
8464
84643
84644
84647
84648
84649
84650
84651
84652
84679
84735
84736
84737
84738
84753
84754
84755
84756
84757
84758
84759
84760
84763
84799
84800
84921
84922
84925
84926
85058
85059
8507
8508
85191
85194
85242
85243
85244
85245
85415
85416
85530
85531
85542
85543
85544
85555
85556
85557
85558
85559
85571
85611
85612
85613
85823
85896
85897
85898
85899
85904
85983
8599
86025
86026
86027
86030
86031
86055
8606
86068
8607
86070
8608
8609
86147
86154
86155
86162
86164
86165
86200
86201
86202
86243
86277
86278
86279
86280
86281
86282
86287
86322
86323
86327
86328
86329
86338
86373
86406
86463
86485
86516
86517
86545
86550
86551
86552
86553
86614
86644
86645
86646
86647
86648
86649
86651
86652
86670
86671
86720
86721
86722
86723
86724
86725
86750
86751
86762
86777
86778
86835
86836
86837
86838
8687
8688
8689
86918
86919
8705
8706
87225
87319
87418
87419
8742
87420
87421
87422
87423
8743
8745
8748
87484
87485
8751
87570
8758
8759
87612
87613
87614
87615
87616
87617
8770
8771
87739
87808
87809
87840
87841
87949
87950
87952
87953
87954
87955
87956
87957
87972
87973
87974
87975
87986
87987
87988
87989
87990
87991
87996
87999
88000
88007
88008
88052
88053
88055
88151
88154
88207
88209
88210
88213
88223
88284
88285
88396
88397
88604
88618
88705
88708
88709
88710
88711
88712
88713
88714
88715
88716
88717
88718
88719
88800
88845
88918
88931
88933
88936
88937
88951
88966
88967
88968
88969
88970
88977
88980
88982
89005
89015
89016
89017
89018
89086
89087
89127
89128
89129
8920
89327
89485
89487
89522
89523
89524
8974
8975
8976
8977
89770
89771
8978
8979
8982
8985
89853
89854
89855
89856
89857
89858
89859
8986
89861
89862
8987
8988
8989
8992
8993
8995
8996
90012
90037
9017
9028
9029
90560
90561
90567
90568
90569
90570
90583
90607
90638
90639
90736
90737
90738
90739
90817
90818
90819
90820
90821
90822
90823
90824
90825
90826
9085
90921
90922
90931
90950
90951
90952
90953
90956
90957
91036
91045
91062
91121
91159
91160
91243
91269
91270
91271
91282
91283
91286
91319
91320
91356
91428
91429
91430
91431
91453
91454
9146
91461
91462
91720
91736
91751
91754
91755
91851
91852
91853
91854
91855
91856
91857
91858
91867
91881
91884
91889
91893
91959
91972
92062
92063
92064
92065
92094
9211
9212
92127
92128
92138
92139
92301
92302
92319
92320
92321
92322
92323
92324
92325
92326
92327
92328
92329
92330
92331
92332
92333
92363
92364
92373
92374
92387
92388
92396
92397
92400
92404
92405
92406
92411
92412
92419
92420
92448
92541
92542
92548
92549
92550
9257
92581
92583
92584
92585
92586
92587
92588
92937
92959
92996
92997
92998
92999
93085
93246
93247
93248
93249
93250
93263
934
93434
93435
93446
93447
93460
93476
93477
93478
93479
93480
93481
93482
93483
93484
93489
93490
935
93530
93581
93582
93612
93615
93616
93617
93618
93619
93620
93621
93622
93623
93624
93627
93628
93654
93655
93669
93670
93848
93887
93888
93889
93892
93893
93901
93930
93931
9396
9397
94009
94077
94078
94085
94090
94164
94165
94314
94431
94495
94496
94497
94502
94505
94506
94509
94510
94511
94512
94513
94514
94515
94601
94602
94605
94606
94607
94608
9467
94696
94697
94741
94746
94747
94781
94895
94896
94897
94898
94899
94900
95014
95019
95020
95045
95046
95047
95066
95067
95105
95135
95136
95137
95138
9516
9517
95174
95175
95176
95177
95178
95179
95180
95181
95182
95183
95184
95185
95186
95187
95188
95189
95193
95198
95306
95307
95468
95469
95488
95557
95579
95581
95582
95735
95752
95753
95754
95755
95758
95759
95880
95903
96008
96009
96010
96011
96024
96025
96026
96027
96028
96029
96041
96066
96069
96070
96071
96072
96073
96074
96075
96076
96109
96151
96152
96153
96154
96155
96156
96171
96172
96193
96202
96221
96222
96223
96224
96225
96226
96227
96237
96238
96239
96240
96241
96284
96285
96318
96319
96320
96325
96326
96327
96328
96329
96330
96331
96332
96333
96334
96335
96336
96459
96460
96461
96462
96505
96582
96583
96584
96599
96703
96704
97147
9717
9739
97483
97484
97498
97508
97536
97537
97538
97539
97583
97628
97629
97749
97750
97817
97818
97843
98143
98144
98145
98146
98189
98190
98191
9823
98467
98526
98759
98760
98763
98766
98767
98989
9899
98990
98991
99083
99084
99087
99088
99155
99156
99169
99170
99171
99178
99179
99180
99181
99184
99187
99190
99191
99192
99219
99220
99221
99222
99223
99224
99225
99226
99227
99232
99233
99234
99235
99236
99243
99244
99245
99246
99247
99248
99257
99260
99261
99266
99280
99312
99385
99386
99387
99520
99545
99557
99558
99559
99560
99561
99594
99595
99643
99644
99645
99646
99647
99648
99649
99650
99651
99652
99653
99654
99655
9966
9967
99674
99699
99700
99701
99702
99703
99704
99705
99708
99709
