
421034801
343771901
296062701
250598401
361398501
340616801
179504401
118067501
45400001
214906101
385833501
280941201
122748401
184106501
221225801
233350201
284667501
279528301
448008401
290021501
455926001
206516401
160153301
213198801
320752701
251992301
231714001
200903101
401212201
225090901
306806401
376744001
253403301
251092401
243852101
383358801
279637301
281916901
366565401
233844301
335021801
217390501
223228801
180918001
186500901
289195501
353602701
291887901
203962801
191673501
362764201
261477101
227898101
431664801
268063901
362570401
379665501
236006701
479953601
368717701
380105901
274278001
408091001
358913101
226921101
174403801
236575301
172987001
293978101
189811601
327763601
379436401
207093701
196897101
322895701
282089101
296358701
277966001
239090801
342613801
320715401
171961401
409093401
179089701
181635601
268120601
271002001
232198601
400251501
423410301
446706101
220812701
267258501
322028601
398263401
359747801
214367601
282115001
381793501
413031401
208559201
327755301
279391601
230748901
412481201
403751801
229857001
415197401
430861401
426625601
447527601
407313601
262298201
291266401
173489801
350705401
24484101
271649501
346160201
228340901
31835601
278805201
136508701
447549601
327458501
259115001
308689901
308837701
343549401
195821001
211919101
180463801
285911901
122544801
262839301
205802701
370130501
265429101
310405101
213918601
308262501
280777301
328574901
422681701
406646701
303181201
380911601
4306701
406878601
202911501
395906501
439534101
251785601
356732401
415623501
361217201
415488601
442543401
180704501
366940701
270214901
451390701
261649301
395459901
433043201
31097401
195496801
423031401
394847701
300704601
370091301
316063501
405742301
442638101
406429401
406995401
284722501
293850801
184474801
194394601
388486901
360729301
364116901
403526501
258885501
213115301
432334901
381139901
397739201
233224401
257937401
410497301
256689001
416495901
300399501
190901301
300736001
426902001
324030001
85286001
383919501
379654901
335275801
378316001
286506401
343764401
361508601
271682601
109090401
370010901
420813301
310455401
290555701
395687301
317658901
370527901
338081001
5619801
318770001
124675801
265905201
315605101
106588301
282638201
254067001
175396401
345932801
75219901
264225801
192342601
276767401
431088401
187426001