
390437601
288256501
374265101
397297301
356059401
410504101
372128101
189210501
317926901
289096001
207991201
312314701
95468901
95098601
237898901
177998201
117762501
333556201
267725301
300613901
106227501
274718401
309931401
370922201
95598001
226202901
347173601
247369801
186117201
125738901
99762101
385210101
152844001
382486701
328774101
191149001
15269101
88303801
327751401
219697501
201299001
240517001
317084201
188614801
196177501
299191501
64993101
211215901
245644201
198872001
79539501
294650501
94492501
290998601
427181801
301743901
302153801
361448701
315088801
267458501
198635501
200176801
386358101
53978501
359049701
201050601
482220001
439303901
183014301
365969901
379209601
476551601
369612401
374017901
303309301
172362301
202293701
272072001
231272601
237916601
326890901
176927501
199900301
200181601
293603701
294132001
236990301
198773301
249755401
30011601
251363001
293971301
181351701
348214901
442774701
331273101
289522801
35830601
226385501
242037601
364304001
357800101
199757601
393872401
240450201
71008501
201360901
266841201
386556301
350362801
342897401
348603601
369318801
356333601
367830401
221124001
256192101
14945201
125148701
129835801
373229801
208159901
284543701
212911001
78860501
196566801
348088301
251774701
246373901
256271501
191267401
325170901
334589801
378834601
252176501
218822301
186732901
181449801
351679401
268309301
397528701
315639601
444164401
337579601
124639501
353133801
386653901
230324701
372656201
322797601
305228101
139711201
196086401
347955201
180425501
95447501
337098101
371023801
370135601
225374301
398901801
225051301
285271401
250686301
309116001
180630101
14816301
282825201
337021001
247664601
369755101
233018801
303908801
430210601
385441301
383384301
437303901
412848701
251217101
263222901
208747501
331530401
407346001
316838701
259634101
271581501
340432101
196359901
357614401
232259101
274965701
125346501
242951501
186830201
258283101
376894601
287122401
206889901
346003901
342682501
441588001
207502401
262844501
275317001
150015701
147164501
425500901
274027901
309806501
210669301
291718901
361630901
381044501
254458101
327262401
300822501
348308801
20695101
212196901
420773201
317685101
268229401
302072201
306683101
234611901
265919301
396736201
371328001
226847501
287156301
440202401
394643601
399324201
38452701
303414801
125654701
366490401
371413001
206838901
317411101
350743101
386924501
456467201
425728801
333854301
398392301
300714701
294696301
148390401
207463401
360035101
249972901
274884801
262629401
195326401
252823601
204953701
311013001
305036601
345189501
192553901
407275601
315884501
64408401
373855201
347438901
406566101
363752301
266144501
254019701
364086901
388323101
224665101
200511901
216181301
186612801
285143601
428787901
191229501
369982501
224911301
329723001
218194201
238160401
187319101
446234101
393150201
242054501
254043901
413801001
282782101
331142901
368295501
197074301
428261501
354573801
438619701
430667501
355302301
237815601
242554201
250255301
450767001
401832901
409806501
243591701
424181301
277696201
198143101
422388101
448351401
285594401
193735901
192789801
259136601
200780901
293363901
457153601
318530701
233544901
488383301
268694401
310883401
369133901
331724501
309982201
215664101
435377201
315735601
200553601
252675101
216203501
364860201
245750001
123025601
315554201
235510101
324930101
332793401
431903601
272091701
439865601
262493901
214818301
369214101
323558901
379338201
264548201
219010301
207782301
240785601
393415801
421017301
345040601
449720001
337020301
224704801
267387301
192487201
207885501
433177401
297488701
427437901
267120301
331804401
400868801
424654401
358167601
199395501
82461701
448207601
276176701
240948101
318116901
390257201
421519101
403664001
435183501
182767501
150837701
189964101
93429001
250418101
311526301
333791601
194121501
412518101
378981001
66155701
426096601
397475801
216200501
361713701
385676601
406320701
170471401
82014301
379318001
307474101
270476901
371247901
448512601
437404101
274727201
115979101
352690001
289047801
55198601
341830701
364099801
346766001
445026001
411747201
78889301
217891301
339341001
147460001
175647001
310225501
360086101
433520401
236885501
297975501
247328101
262989401
214650901
262885801
374053001
356228501
438652701
323054901
332777201
183546001
49001301
122021401
422516501
24831201
195497301
379417301
260175301
193928001
329918101
318531901
257572201
445503701
218224301
411625301
422227201
190533201
198421001
302451801
308929301
268742701
306221801
374321001
400498501
368205801
30474501
350583001
476220301
81976401
260178501
267001801
147397401
190725601
125049601
332654401
174149801
380537501
65013801
277302901
248056501
393827401
229674401
330749001
157812801
186441701
324663901
483246401
389039001
218178301
344416701
334546201
382241601
197245601
437280601