
399267601
410580401
220377001
331982101
429234901
390437601
288256501
216402301
173113101
371727101
179233101
374265101
177724701
351507901
241357201
435882101
253145001
326841801
186980701
446085301
208517401
310962601
277918301
217296201
218255401
198405601
397297301
356059401
238693001
415703901
93908001
410504101
303567601
372128101
181519101
254741801
254532901
189210501
200936001
250210201
317926901
289096001
323424601
380991101
247273001
258629201
276554601
207991201
312314701
278102301
208445201
243629601
95468901
175808501
277264401
258281501
320769701
353368401
95098601
275600201
237898901
177998201
117762501
381989001
177270601
392517401
280234701
176470501
333556201
365666201
267725301
363951901
353627601
300613901
204274501
106227501
189093601
426314401
379766501
274718401
385885101
309931401
302806201
300881601
370922201
441352901
281388801
195025001
244425101
107319801
95598001
336617601
353637701
55813301
226202901
347173601
370921801
358672901
359166301
307483301
362386601
213573301
333149101
298654401
107503601
343395801
338772001
456138201
177830201
486757301
306800801
297443201
16914301
269100101
247369801
284843001
187068901
301874901
186117201
125738901
305133001
215444101
385542901
84629101
99762101
291415301
385210101
203699401
152844001
382486701
335981801
281212201
186826501
328774101
193885201
352457301
191149001
265550201
15269101
88303801
376866701
459571201
219261901
22958101
255868601
327751401
355272701
289564701
280029701
331995201
346492401
199485101
386659701
174782201
222336101
219697501
333140501
348045601
176026201
179927201
201299001
240517001
95459701
317084201
197701101
188614801
365971601
196177501
202921101
321741901
95464401
299191501
320731401
204145701
379565701
183222901
310286601
64993101
137118101
258540401
211655601
360580801
165689901
346662301
305024001
83283901
211215901
222221501
245644201
271609601
198872001
321698501
79539501
23143601
335346401
338457601
294650501
234334201
386099801
307862701
347773701
53200601
308634201
94492501
438003201
485559001
290998601
397134901
265231101
310717601
320405501
385336501
350531201
427181801
358580801
372418101
344076201
198865301
371887201
301743901
367193601
301789301
320604801
310468601
352707101
302153801
416101001
293049601
361448701
235994101
360208701
298719001
175767601
315088801
89557901
238154001
373826901
267458501
437633401
233119701
202835101
221914801
414875601
319179101
88547101
321574201
198635501
16470001
347048001
1385601
42972201
200176801
386358101
53978501
359049701
242853901
324045801
235551101
201050601
343010601
482220001
330833901
385980901
217373701
339090101
224755801
459487801
439303901
183014301
243952701
252809501
365969901
2059101
84173701
266320201
116451201
232618101
379209601
175296101
322698401
455897601
476551601
215012801
34108401
32192701
369612401
148485201
63028301
286958801
327500501
345871901
374017901
318773101
334272801
303309301
297391601
229165001
154861301
322660401
233123701
28868901
45470101
220857801
200702001
172362301
216748301
252254401
202293701
476662801
264863601
301768001
272072001
264988701
205024801
330032701
361811501
320088201
280271001
318479101
331355401
231272601
313527101
237916601
118859801
295722101
227116301
326890901
310813301
180916201
176927501
361651901
321863701
337276701
316578501
405437801
115413001
333316101
242006301
185212801
325582901
220057901
185295601
157667401
49290801
199900301
235535001
348804001
347440801
360873301
195357201
229370701
35720601
376858101
350349401
300364301
200181601
216741401
293603701
14167101
294132001
236990301
263563701
353085301
216096301
259691901
225201201
198773301
240722601
362440701
249755401
14920401
30011601
185907501
201880101
348885501
388365301
61641301
262178001
303155401
251363001
348053501
221806401
406622101
259475501
348477301
293971301
181351701
245783401
374603701
348214901
313396101
442280501
371961301
382454601
249377501
124976501
412130301
51820901
442774701
151107201
142995601
197050301
24045801
226668401
323006001
243804001
308576201
296453301
171806701
215832401
386028301
187766301
336255001
307991001
175865601
262569401
106916401
331273101
265707601
27384901
488094201
317557901
201836801
289522801
328355101
189479001
298161401
469028401
333342101
461086401
397302601
408271001
488556201
373527201
296689201
322649701
323547201
99230601
35830601
352365101
345016901
164643501
226385501
231565001
28485501
199836701
203647901
345397401
30079801
196624901
422963201
242037601
440358301
343660801
94509501
451843801
224498001
309474601
198154501
364304001
78496301
76612401
357800101
323747101
199757601
348977801
393872401
201128501
240450201
71008501
203580301
142816001
201360901
210350901
377713801
235011601
295679101
188477901
278950101
266841201
386556301
241559901
256615301
369688001
144977901
268399801
216948001
323745301
337793501
350362801
325362401
342897401
358649101
348603601
193667101
314226401
344223701
13968101
334468001
175063501
232034301
64942001
172505401
369318801
132177001
206858001
185416301
356333601
367830401
229865701
221124001
179409501
185776101
230864001
143206801
300781801
323847201
223924401
464695601
35781101
369676901
256192101
261290401
137255001
29181801
200632301
280818601
476717001
250299601
126623401
14945201
443872901
477730001
423971801
125148701
129835801
203973301
413016501
254756501
373229801
190635301
40774101
208159901
54641001
229042001
284543701
212911001
301269801
262400801
148623301
321517301
284422301
335820001
438392101
107980301
290677301
200683801
352720201
198229801
78860501
156786901
196566801
285391201
286117301
348088301
269525501
116872101
331090501
314686901
274104201
231132901
251774701
337412701
246373901
260793901
300802901
82846801
175489101
76627401
272601
245001601
256271501
359731001
191267401
325170901
334589801
352048501
378834601
252176501
218822301
422769701
345572801
196621201
217689301
22137701
456116201
253336601
384752301
95222501
309497001
234586101
403163601
177009601
186732901
324713201
448895601
397851701
308985001
344197801
181449801
255594201
197309401
359604101
483155501
351679401
379947801
268309301
351674101
45537501
397528701
241425101
50735001
365607001
388333801
277493901
65908901
215120201
315639601
444164401
337579601
124639501
378869101
212609601
301311601
287039801
424934301
353133801
362981901
251900801
207040601
255115201
395617901
196727701
402235201
325895301
338872301
33979301
285030801
373217101
150835601
194375601
386088201
20732001
386653901
207230901
366915201
230324701
377278201
372656201
242526901
353894601
322797601
337854501
1325401
220768801
328493801
184655601
206601801
79431901
29374901
251998801
305228101
280722501
139711201
417189701
196086401
165294701
314326401
380393501
153305301
338788101
443877901
29616501
347955201
311717301
441130801
443747301
189955501
337150201
380629201
248057901
365414201
180425501
265652301
241965101
240778301
195858001
370453301
273512301
301133901
354943001
304427001
186867801
213867001
98862301
362942201
95447501
337142401
314150601
448840401
448305701
116731601
267057801
422813501
257721501
124681101
119313001
377311101
194965201
340405901
282510501
337098101
189495501
277370901
108090301
72607301
249466701
20629001
371023801
357337201
196056701
419270001
217905701
374376301
227731701
206562001
367086101
193528201
401793201
226131001
374940001
383257401
194449501
370135601
262178801
49878701
225374301
385244001
209020501
287203001
398901801
325466401
273626701
69639401
66622001
228908001
225051301
285271401
290836101
196857601
193624301
16951501
180531101
274250501
177092401
117967301
270922001
124796901
375012001
54693601
250686301
81439701
363396901
423090201
252208201
309116001
222298601
365042801
368071301
334883701
258676001
398528801
195269001
456208401
180630101
313181101
210483201
283540401
253385901
326572501
179450701
270862901
326936801
211846701
436624201
412087301
239809501
457282401
14816301
169782801
253670701
190622801
207941101
369888401
178901901
54927801
393980801
38248401
256553601
203654501
193300401
259834901
360934701
179246301
282825201
293614601
272302801
432503501
337021001
247664601
213155001
382082401
369755101
218713301
233018801
303908801
201321801
197213601
309801901
201352201
42211101
189484601
202798001
430210601
450452501
385441301
116785201
383384301
315795401
231646601
201400001
386993401
275453701
401729401
361814201
393176401
437303901
423699401
292973901
191180701
264369001
367949801
410283101
278937801
412848701
306515601
187095001
323846701
456175401
196988901
372397801
326851801
109441901
289100401
215452201
174371101
251217101
263222901
271672001
208747501
365548701
337794201
376995801
331530401
407346001
316838701
309527801
176211301
245174301
381050101
311692501
426086101
257158101
259634101
345397901
154543401
333299701
201509101
423082001
196838801
271581501
415261701
190575101
212939601
432630801
181995601
372955601
340432101
283619801
172732601
410427401
196359901
348396601
390708801
374008301
322363801
2157801
344839301
367422301
224004901
214517701
11233901
312571301
197413701
221331901
286844201
179017401
164820701
119145701
367840101
272110501
238112901
308507301
226401601
432911801
405699301
290497201
413236401
696301
446963001
357614401
187918101
321404201
194316101
235259101
228438001
321923301
422409601
232259101
274965701
217600501
230380301
367266201
397808201
409948501
440669701
271191401
125346501
436485501
175984001
326121401
421855901
443112601
207215901
208533601
366333101
304543601
216921101
242951501
186830201
187964201
183286501
100033101
258283101
412669701
314015001
259659201
442248701
376894601
32063401
216825801
325422501
287122401
291763801
173159801
257053001
374257001
206889901
146913901
446442601
346003901
443847801
16903201
367764901
4203401
226342601
306766701
433348401
246110501
268306201
44211401
37016501
193673201
342682501
375759101
288326101
447204001
281847201
441588001
428279901
354092801
140153301
58960001
207502401
1679401
184004001
172874201
337910201
342359501
233352101
256952101
38309101
243914501
387066301
29602901
143150801
45259801
236030101
412971401
258072001
262844501
448172001
309235701
279982201
275317001
192690601
232846601
150015701
424437701
339852201
411197901
147164501
425500901
220729801
287939801
437975601
372970201
274027901
309806501
210669301
288372901
391991801
187221001
291718901
410071701
230494801
389344001
205455401
175907301
310709201
356957601
380319701
361630901
226270401
122996201
373258901
389668701
115651901
313557801
346177101
381044501
190028001
330053101
433332801
377208901
254458101
347354701
341158901
94397501
148235401
271001501
203869801
274358601
327262401
221960401
220524701
357073301
451849501
266838801
440461101
427432701
186004201
340805701
173778901
176046501
449525001
438315601
209216101
369747001
182843201
292573701
371484501
249569401
388881801
321809701
366908501
321216501
403039301
395580201
346186601
20313501
301890601
182802001
421165201
300822501
107988101
230129501
365523501
333372201
348308801
20695101
195978501
256582201
212196901
362533701
14310001
55813001
324917601
420773201
317685101
419451701
373752701
268229401
129045401
446360401
302072201
326374501
306683101
374749501
356994801
250190101
370814401
349901001
210249401
273687001
325419701
340529101
191151601
266770401
185598701
374471301
438355501
75329301
190416701
360781501
204256001
441712601
234611901
318179101
307703101
314207501
360500901
265919301
442123301
459530101
396736201
197000201
418703201
371328001
306658101
238461501
226847501
398926501
175521901
193698001
299607601
468992701
317758701
287156301
421183901
421817301
414000901
323990001
192011401
378215101
395143901
440202401
418990201
407489201
306903601
315793501
327007801
374166901
448717201
394643601
137623101
255593001
207920301
399324201
226936101
428406201
332156701
323844501
340128801
340471701
82424101
38452701
317176301
308805601
331156401
203432001
448154801
303414801
35781301
125654701
374091401
366490401
178291201
217928201
371413001
206838901
364627301
317411101
350743101
290704001
352025801
360308601
368390101
386924501
165711301
450527901
30789301
379390201
244256801
456467201
29578301
284531701
449253701
422758801
451228401
334760801
213181601
186148801
418425401
187684001
302752601
209611301
425728801
437831401
333854301
64509501
224551801
237753801
402200001
398392301
173874701
288780801
263779501
401843601
401518301
407737301
407839601
14339201
399749501
300714701
350790301
256719401
126425601
400227501
324129701
294696301
286427001
270244601
401755501
148390401
201773101
346858601
208300501
105233701
87138901
323522401
254257501
384225901
251466501
175084001
207463401
273590701
360035101
306826301
314862201
412403901
249972901
202110601
195485301
305689101
400094001
274884801
184507401
16368901
191053601
262629401
195326401
383193301
433784001
445504501
400179501
250469901
252823601
432316701
189062101
283237601
427183201
333474101
283015901
204953701
406039601
335579101
279336701
208856301
316472201
122736901
401878801
311013001
356647901
388127601
175574201
188412201
62630001
306644701
237899001
340199501
200414201
285765601
186177201
301966301
334403801
336515201
425192801
44143901
381449301
305036601
281931301
194822201
345189501
244259301
192553901
45071301
186058501
16854601
220825501
407275601
441035701
212215901
160606901
141917601
426299501
418003001
311862101
315884501
435271901
438123901
435388701
190312601
208812001
174851001
360375701
402798201
95170401
354297501
242545801
64408401
88752801
373855201
125851201
106957101
203247901
192372401
347438901
435749001
147054601
406566101
354857301
441939401
363752301
395815301
217017701
420677601
304644501
223111101
433377001
361060401
213144101
274714701
450667701
388412401
203610501
266144501
254019701
435181001
422177201
364086901
430108701
119320701
444720001
272472601
348043701
272851201
61627901
430755601
199256001
325325401
186239901
415840401
388323101
79398401
31633301
284961401
308411301
224665101
364747101
441148801
244764201
230060301
251854201
89923501
265876901
248781401
376134901
10142201
380193901
405650701
263181301
372729901
434682301
200511901
436719001
216181301
37175501
319624001
330043901
216338201
186612801
285143601
369591301
428787901
313327701
191229501
57855001
440053201
369176401
181190401
429643901
382758601
427571701
304302601
430802601
208782701
364764001
360585501
173344801
369982501
237924501
406478501
383358501
362224601
391060501
403413201
396932201
265904701
94961301
57802501
224911301
329723001
250269501
218194201
428640201
435260601
238160401
430989701
317049901
187319101
446234101
218508801
194751501
290306501
431704301
408242601
260080001
359270901
393150201
182384101
105628801
346099001
387421501
434023001
210084401
242054501
61294701
238872701
409993101
304923001
88923601
274644101
371548701
337862401
186146301
144502201
257930301
410773801
243699801
125567901
211064701
488176501
432293701
108192301
212211901
254494501
254043901
308398501
257787301
14282501
262780101
299071301
304146401
410262301
71445801
158977401
413801001
291819401
119007701
350429501
66715601
398896101
184723901
263175301
175890601
282782101
423638201
36232201
331142901
435628501
239095801
368295501
197074301
428261501
406312801
24611501
438366101
330747801
445155401
354573801
33999401
32476301
295364101
438619701
430667501
458636701
355302301
330773401
249272001
442555801
219547301
237815601
407833701
242554201
250255301
488040601
105342201
450767001
435217501
240737601
178317501
422018101
401832901
32943201
423717201
481315301
333399501
439977901
333480701
409806501
271839901
414661901
367424801
180255101
152917801
298756901
243591701
311204101
177798201
178565501
421854301
433496001
195114301
219265701
279200801
382814401
424181301
406367201
437460901
151034601
185072501
372784101
420770001
183187901
251479401
199610801
341876701
277696201
256882301
209862501
198143101
180059301
423662801
264568101
408219301
315009201
315678701
422388101
442569701
53458001
268071601
448351401
285594401
221442301
217352701
193735901
418233501
382737201
12728201
433322801
125365701
367217201
228515101
305629201
192789801
259136601
267961101
189161601
188813901
1100701
29804401
417214101
200780901
371749401
60314601
117507001
335716001
293363901
174197101
317235601
444193501
173568101
309972701
172117101
229686101
426121501
279718001
279631401
393440901
457153601
150476201
439338901
318530701
232368001
428418901
10231401
429869101
233544901
488383301
378738301
305924201
426108401
187617701
342060101
268694401
14795301
310883401
369133901
79000901
176151301
331724501
263877401
439870101
295374601
345126301
231428201
309982201
215664101
308230001
374561301
392110701
315607501
374995101
30770201
186315001
418042101
341646501
396632001
211048101
195239201
357200801
435377201
315735601
10835601
200553601
252675101
199568201
428880201
391648701
216203501
364860201
245750001
29335301
52518101
203670201
359980101
123025601
446969001
449911801
420499201
444717801
447091901
315554201
443870501
417529601
431617501
431987901
239292701
407330201
293389601
235510101
416956201
324930101
421754601
448388001
176088601
290054801
361949501
188827101
332793401
218456001
234690001
411438601
431903601
172963901
238675001
424729901
170630701
220640101
309481001
355517201
185717501
424470901
380558901
272091701
257253901
442471601
125785201
329626001
188096001
310579001
439865601
262493901
214818301
369214101
298957401
285185401
149613601
433038101
432951601
343837701
187131101
221686301
159259901
415803501
200037501
107357001
435261801
145358701
323558901
330149201
352310201
365506601
408130801
277200401
301530101
358626701
437656301
311319101
425476301
205142001
436908501
203744201
357377001
316669401
261543801
389310601
305400801
377747301
379338201
417069601
378982601
352579801
264548201
368037001
213777901
219010301
325168901
303818101
341912601
207782301
223947401
148738401
413074101
240785601
373772001
393415801
348607401
418850301
226375601
228466301
385234701
377165801
431217501
340946601
394083201
79431001
256728901
421017301
430096501
370560601
295832401
203970301
345040601
291232001
420468401
449720001
435063101
347050501
395935501
344145001
337020301
125351501
383202801
445626401
382402401
224704801
189160601
44577801
302394101
439835601
401008601
151613801
267387301
404744401
243525601
30841601
216906901
253672401
186821501
192487201
450094301
207885501
266924901
310816801
433177401
28853901
55287901
410053601
12524101
38280901
297488701
270077201
321698101
456979101
314384401
439227401
268614101
50078601
445277101
451198501
307193501
450466701
65716001
476815701
279660401
176252201
56556701
306236801
190662801
427437901
267120301
268413601
253713801
331804401
252834201
412370601
184934401
451775301
143682101
400868801
336146801
424654401
105871001
358167601
326170701
394841901
199395501
422425701
393196001
421985001
425043201
82461701
195052401
448207601
417894401
108501401
448184801
359562001
186849601
403397201
405435301
352001601
116741801
358119301
251949501
165983001
197168001
276176701
179489801
4785001
117106601
483309501
308051301
140826701
416042301
380268101
443375401
292361401
195638201
16435201
342707201
277147101
117011201
262786901
143240301
144966301
125330701
213003201
400969501
139857801
425319901
141561001
240948101
415158201
333019701
477890701
357670901
318116901
201901
390257201
230571001
347918701
265324901
332739501
374084101
421519101
52495801
384899901
278102501
398816101
446194601
150662201
403664001
357462701
175955001
435606701
193369701
267539201
443679901
286474801
456126601
430020701
65431601
490694301
407618401
96041301
303070801
435183501
433970801
182767501
254278201
150837701
84943001
355020201
320492301
371352301
189964101
435777301
93429001
250418101
383133701
399434201
82564201
240128201
311526301
245725301
333791601
194121501
428854501
354667001
137492201
229386801
412518101
144175501
248800001
330380501
305830601
336401
412889401
55568001
378981001
66155701
485309701
329671001
107716801
143425601
95543101
283705501
285898501
377284801
333021001
255837201
95763901
307889201
403071201
473708901
216895701
426096601
477281001
390091401
431623601
400952401
246593101
411967901
255761101
410487101
146839601
212363201
17029101
339178001
402845501
410124001
207163001
82094601
122796601
397475801
325051301
216200501
177174701
181554201
427305301
361713701
357535401
349673001
352994001
290403201
385676601
187221301
202152101
406320701
89469201
98901001
264336601
170471401
82014301
379318001
178348101
307474101
310483201
188137201
193059301
270476901
427301101
386187501
371247901
404079001
395762401
55061001
448512601
437404101
80075101
250721901
274727201
369399301
349251001
115979101
352690001
156945801
404214801
289047801
220175701
55198601
185493701
341830701
307905701
233446801
431070401
448145701
364099801
366987001
346766001
34303401
368172201
367711601
289295501
204383801
346863701
447211001
154455601
445026001
270812701
462576201
394297801
289358801
143601301
227972701
106840401
270474601
411747201
91008201
78889301
185947501
236392001
1227401
45641401
21168701
217891301
146810801
277986601
339341001
219889701
317227801
147460001
354184301
405517601
175647001
310225501
29049701
31995401
141151901
333123301
275953301
459124901
417670301
177699701
31891901
10292601
316621901
415864401
440846901
384371401
360086101
326677201
185862201
397442101
436246701
433520401
217180101
264408601
31947201
299581001
117631801
236885501
144143401
378398801
22993501
448089301
413615801
315578201
313204301
339842601
297975501
292415101
202688001
487060301
253783501
307601501
210973401
124708201
281017401
389583401
393272201
29296001
66184101
91226301
120394901
441138001
247328101
75626601
66232301
79493201
92869201
299685701
335935701
32165601
422324001
118771901
395877501
82634701
420304601
37033601
438300401
55567601
231048601
65109101
409382201
262989401
215521801
358001101
214650901
116060101
206452501
262885801
164811001
87184301
312933201
374053001
356228501
423287601
32341501
357945701
264702001
413896901
265430301
269227901
28885601
426768101
185512501
431731601
148561701
301101601
441139601
361697501
318960201
438652701
323054901
243404001
332777201
183546001
183554401
437639601
216485701
36877401
49001301
55613301
395188601
331783601
378965301
382242401
300844701
122021401
24825401
388105301
21919601
422516501
241591901
24831201
426191701
175570801
12439501
306880101
3129701
189536501
33459601
195497301
355036001
258793001
379417301
180083501
177551101
152281201
3738501
295072701
152336801
419181901
260175301
42020001
341243701
159826601
224891601
193928001
88618901
255840401
405053601
14380501
329918101
36634401
318531901
257572201
151744301
443960201
187831301
192990901
445503701
396756001
144791701
218224301
310832101
20847101
192574601
326509301
151230001
277653401
229095801
305851501
270376401
411625301
422227201
190533201
264599001
20728901
361513301
198421001
252909601
177358801
375385801
144010301
114341501
438875401
243140101
401752701
294194501
179209301
355209901
333190101
218303001
34998401
302451801
338979601
330782101
308929301
373063601
436543801
268742701
89320901
306221801
3612301
388615501
448516301
190718601
324185801
105720301
427139501
115595001
439928201
374321001
189796401
155887401
91696201
228606301
36294601
281075301
340460301
349780101
211218501
271888301
400498501
125196101
37895201
54198501
314653501
373048101
52739301
50094101
368205801
353762401
30474501
267622701
350583001
7748801
207211201
476220301
49465201
458777201
363338901
81976401
265579201
297557501
260178501
226882201
489375901
267001801
147397401
32809001
436413701
190725601
5440401
296399701
125049601
393851501
422555101
490091801
332654401
251724901
176006301
346846801
174149801
105401701
65990201
120442701
180691601
360432601
380537501
413953901
65013801
277302901
248056501
52956901
21958301
391608001
393827401
190098901
269941301
358609101
34124401
229674401
105427101
245577801
417918401
263732901
378339201
4028401
388964601
392608101
64926901
124023301
370817501
373078901
375055001
201006101
173519901
101187801
30839201
296432201
330749001
459233601
178707701
234526601
152592601
157812801
52490201
376188501
466015401
148141201
186441701
10502201
376083301
308791101
265026001
406022001
324663901
87952001
355023601
483246401
325098301
425092101
389039001
359144701
49401
344232501
85212701
398895701
360930501
214990301
355020501
386818501
377132501
410228801
32185301
424854101
218178301
400821401
313864201
246458501
212700001
395752801
420542301
251222501
24650001
74750501
383926101
183590901
344416701
251026701
307657601
29023401
148064901
429185801
49059001
449582301
334546201
382241601
197245601
249053201
95266401
429041801
224178901
437280601
444003601
445393001
428611701
207166201
437134301
443557201