
429234901
399267601
421034801
410580401
220377001
216402301
371727101
179233101
331982101
351507901
435882101
177724701
186980701
253145001
446085301
326841801
265550201
277918301
310962601
217296201
218255401
176026201
381989001
415703901
303567601
93908001
238693001
254741801
181519101
241357201
323424601
247273001
200683801
258629201
358672901
276554601
208445201
243629601
175808501
277264401
380991101
258281501
320769701
198405601
353368401
219261901
373527201
459487801
176470501
280234701
365666201
177270601
321698501
386028301
250210201
204274501
343771901
296062701
426314401
385885101
300881601
302806201
441352901
281388801
84629101
301768001
372418101
55813301
334468001
370921801
348477301
244425101
359166301
307483301
157667401
362386601
333149101
298654401
336617601
338772001
343395801
213573301
278102301
456138201
307862701
177830201
297443201
107503601
16914301
115413001
284843001
20732001
486757301
459571201
301874901
250598401
215444101
232618101
385542901
353637701
203699401
291415301
187068901
379766501
335981801
361398501
340616801
281212201
2059101
179504401
118067501
376866701
355272701
193885201
255868601
204145701
186826501
346492401
199485101
45400001
386659701
331995201
214906101
222336101
333140501
95464401
392517401
95222501
320731401
202921101
321741901
385833501
360580801
280941201
379565701
183222901
310286601
348045601
137118101
211655601
258540401
195025001
346662301
280029701
22958101
222221501
365971601
271609601
95459701
229165001
234334201
335346401
269227901
338457601
386099801
53200601
122748401
308634201
438003201
83283901
485559001
280818601
184106501
221225801
397134901
265231101
385336501
320405501
223924401
1385601
352707101
275600201
371887201
310717601
320604801
301789301
367193601
164643501
416101001
373826901
89557901
30770201
298719001
238154001
437633401
233119701
360208701
305024001
221914801
414875601
344076201
305133001
321574201
293049601
202835101
200936001
319179101
322698401
84173701
269100101
376858101
324045801
242853901
339090101
233350201
224755801
264863601
243952701
252809501
116451201
235535001
358580801
175296101
76627401
148485201
215012801
385980901
330833901
217373701
284667501
279528301
142816001
345871901
327500501
448008401
334272801
286958801
264988701
290021501
318773101
212363201
24045801
297391601
306800801
350531201
180916201
233123701
270922001
45470101
216748301
252254401
200702001
289564701
322660401
330032701
280271001
278950101
455926001
206516401
320088201
295722101
331355401
11233901
361811501
227116301
82846801
361651901
405437801
321863701
347048001
325582901
455897601
220057901
337276701
316578501
185295601
64942001
347773701
65908901
352457301
160153301
154861301
366915201
347440801
118859801
360873301
195357201
363951901
49290801
310813301
350349401
61641301
51820901
229370701
300364301
476662801
216741401
393980801
216096301
353085301
189093601
311717301
259691901
263563701
220857801
325895301
213198801
320752701
240722601
16470001
323006001
14920401
201880101
348885501
249377501
262178001
296453301
388365301
251992301
185907501
231714001
221806401
406622101
259475501
14167101
374603701
124976501
318479101
215832401
211846701
225201201
313396101
442280501
200903101
401212201
63028301
245783401
412130301
35720601
371961301
483155501
243804001
175865601
171806701
27384901
198229801
464695601
235551101
225090901
235994101
262569401
306806401
376744001
265707601
317557901
397302601
307991001
328355101
343010601
382454601
30079801
189479001
78496301
408271001
165689901
323745301
296689201
323547201
352365101
345016901
199836701
196624901
422963201
253403301
461086401
251092401
243852101
377278201
383358801
343660801
198154501
451843801
469028401
279637301
281916901
366565401
233844301
241425101
335021801
348977801
440358301
201128501
88547101
226668401
203580301
217390501
309235701
488094201
241559901
210350901
293614601
295679101
188477901
285391201
358649101
309474601
337793501
23143601
144977901
321517301
216948001
231565001
223228801
193667101
344223701
345397401
175063501
477730001
325362401
314226401
232034301
224498001
50735001
172505401
203654501
185416301
340405901
180918001
186500901
229865701
298161401
179409501
206858001
200632301
300781801
289195501
323847201
353602701
193528201
369676901
29181801
291887901
261290401
132177001
251900801
195978501
203962801
106916401
250299601
151107201
443872901
191673501
197701101
413016501
94509501
107980301
40774101
229042001
54641001
262400801
443847801
380629201
301269801
391991801
260793901
174782201
269525501
272601
362764201
284422301
54693601
335820001
438392101
190635301
290677301
336255001
353627601
352720201
261477101
323747101
331090501
314686901
227898101
431664801
209020501
300802901
116872101
175489101
231132901
402845501
352048501
156786901
333316101
202798001
22137701
337412701
204256001
456116201
422769701
143206801
35781101
268063901
32192701
369888401
231646601
345572801
205024801
362570401
196621201
137255001
177009601
253336601
348804001
384752301
397851701
234586101
365607001
324713201
359604101
448895601
217689301
185776101
344197801
308985001
379665501
236006701
456175401
45537501
309497001
197309401
379947801
351674101
277493901
215120201
347354701
410071701
366908501
378869101
198865301
362981901
479953601
287039801
207040601
266320201
255115201
196727701
402235201
424934301
338872301
107319801
368717701
285030801
126623401
242526901
395617901
194375601
386088201
206601801
380105901
417189701
373217101
207230901
353894601
220768801
153305301
197050301
238112901
251998801
184655601
441130801
190028001
29616501
359731001
380393501
338788101
79431901
189955501
274278001
443877901
119313001
346186601
365414201
408091001
362942201
354943001
337150201
314326401
33979301
248057901
28485501
1325401
195858001
358913101
377311101
301133901
304427001
311692501
273512301
488556201
34108401
212609601
226921101
213867001
42972201
196857601
370453301
240778301
116731601
174403801
186867801
265652301
403413201
236575301
256615301
337142401
194449501
314150601
448840401
98862301
267057801
443747301
282510501
49878701
172987001
194965201
262178801
189495501
124796901
254756501
195269001
293978101
419270001
217905701
374376301
150835601
367086101
337854501
448305701
401793201
20629001
227731701
108090301
226131001
203973301
189811601
196056701
76612401
357337201
383257401
325466401
327763601
377713801
206562001
249466701
374940001
379436401
72607301
207093701
290836101
241965101
193624301
177092401
228908001
124681101
374166901
301311601
362533701
456208401
129045401
363396901
368071301
365042801
423090201
180531101
252208201
222298601
81439701
69639401
398528801
210483201
117967301
390708801
334883701
253385901
258676001
66622001
412087301
235011601
179450701
270862901
327007801
326936801
196897101
259834901
436624201
385244001
326572501
173159801
309801901
99230601
253670701
239809501
190622801
207941101
476717001
178901901
38248401
207920301
256553601
201836801
393176401
360934701
179246301
382082401
272302801
169782801
213155001
322895701
187918101
37016501
189484601
213181601
201352201
315795401
201321801
282089101
116785201
313181101
187766301
218713301
201400001
386993401
313527101
42211101
457282401
296358701
365523501
266770401
292973901
423699401
275453701
367949801
230380301
361814201
278937801
242006301
432503501
410283101
306515601
277966001
264369001
191180701
239090801
348053501
326851801
196988901
154543401
287939801
289100401
342613801
54927801
215452201
174371101
320715401
257721501
271672001
196838801
171961401
409093401
432630801
328493801
187095001
365548701
426086101
345397901
179089701
181635601
333299701
190575101
109441901
212939601
268120601
271002001
372955601
367422301
232198601
381050101
348396601
374008301
423082001
432911801
400251501
322363801
373752701
337794201
312571301
143150801
446963001
185212801
344839301
362440701
410427401
272110501
286844201
309527801
367840101
245001601
221331901
181995601
360375701
179017401
696301
164820701
367711601
194316101
308507301
257158101
413236401
422409601
321923301
175521901
367266201
321404201
172732601
425192801
235259101
310709201
371749401
173113101
217600501
35781301
226401601
245174301
435271901
119145701
405699301
440669701
224004901
175984001
356647901
257053001
326121401
271191401
421855901
366333101
409948501
214517701
208533601
95170401
207215901
423410301
446706101
183286501
323846701
314015001
32063401
148623301
216825801
216921101
2157801
325422501
176211301
146913901
423971801
374257001
172874201
187964201
255594201
283619801
4203401
433348401
140153301
306766701
246110501
268306201
333342101
403163601
220812701
223111101
38309101
447204001
428279901
442248701
354092801
281847201
304543601
1679401
226342601
184004001
342359501
45259801
337910201
446442601
44211401
267258501
186148801
232846601
236030101
412971401
16903201
448172001
322028601
213144101
192690601
398263401
197413701
288326101
339852201
220729801
424437701
411197901
279982201
387066301
402200001
228438001
437975601
372970201
193673201
451849501
100033101
187221001
288372901
389668701
230494801
389344001
205455401
356957601
226270401
359747801
436485501
233352101
122996201
315009201
301890601
292573701
237753801
214367601
330053101
433332801
282115001
381793501
413031401
440461101
341158901
249569401
148235401
175907301
203869801
274358601
220524701
208559201
357073301
277370901
186004201
271001501
449525001
321809701
283540401
176046501
395580201
182843201
173778901
210249401
221960401
388881801
209216101
321216501
371484501
403039301
346177101
290497201
16951501
427432701
287203001
422813501
380319701
401729401
438315601
340805701
327755301
256582201
280722501
446360401
107988101
291763801
259659201
185598701
182802001
326374501
367764901
308576201
369747001
374749501
279391601
370814401
266838801
349901001
273687001
325419701
340529101
308411301
414000901
459530101
193698001
356994801
374471301
438355501
190416701
441712601
324917601
421817301
115651901
318179101
307703101
314207501
360500901
373258901
360781501
197000201
315793501
230748901
412481201
122736901
29578301
421183901
317758701
306658101
191151601
238461501
249272001
306903601
403751801
142995601
398926501
299607601
201773101
407489201
137623101
333372201
323990001
397808201
378215101
229857001
415197401
395143901
263181301
430755601
430861401
448717201
426625601
447527601
203432001
82424101
383358501
1100701
226936101
332156701
340128801
352025801
14282501
443112601
448154801
258072001
197213601
317176301
407313601
374091401
178291201
450527901
262298201
379390201
255593001
244256801
192011401
368390101
449253701
450452501
334760801
251479401
58960001
451228401
302752601
291266401
165711301
187684001
286427001
94397501
418425401
288780801
401843601
224551801
173489801
256952101
173874701
399749501
263779501
401518301
14339201
64509501
407737301
256719401
350705401
376995801
350790301
217928201
400227501
331156401
359270901
126425601
401755501
270244601
346858601
251466501
384225901
305689101
323522401
175084001
219265701
306826301
314862201
400094001
105233701
254257501
195485301
412403901
301966301
24484101
184507401
191053601
432316701
216338201
375012001
433784001
324129701
271649501
346160201
316472201
87138901
228340901
273590701
45071301
283237601
427183201
62630001
334403801
237899001
333474101
406039601
445504501
31835601
279336701
306644701
441148801
278805201
340199501
200414201
186177201
175574201
188412201
441035701
428406201
336515201
194822201
44143901
388127601
381449301
20313501
281931301
136508701
447549601
160606901
165294701
422177201
244259301
208856301
319624001
327458501
29602901
311862101
16368901
79398401
212215901
259115001
383193301
382758601
141917601
16854601
400179501
426299501
308689901
418990201
402798201
438123901
190312601
220825501
274714701
106957101
174851001
186058501
30789301
413615801
230129501
242545801
189062101
88752801
488040601
427571701
203247901
192372401
61627901
435749001
354857301
430108701
441939401
308837701
415840401
420677601
433377001
361060401
284961401
304644501
450667701
419451701
343549401
435181001
203610501
364747101
388412401
285765601
444720001
434682301
31633301
371548701
272851201
199256001
230060301
147054601
208782701
195821001
418003001
251854201
217017701
265876901
323844501
380193901
248781401
405650701
119320701
211919101
272472601
436719001
313327701
180463801
304302601
406478501
37175501
290306501
330043901
285911901
440053201
369176401
330747801
376134901
10142201
181190401
122544801
262839301
429643901
364764001
208812001
250269501
200037501
205802701
362224601
173344801
265904701
89923501
428640201
94961301
442123301
435260601
151034601
71445801
346099001
395815301
210084401
194751501
430989701
408242601
105628801
317049901
144502201
260080001
308805601
434023001
66715601
172963901
238872701
203647901
340471701
396932201
387421501
409993101
267961101
304923001
186146301
325325401
410773801
211064701
337862401
158977401
437831401
57802501
212211901
432293701
407839601
254494501
88923601
308398501
370130501
202110601
182384101
29374901
262780101
410262301
55813001
108192301
291819401
250190101
125567901
488176501
299071301
265429101
175767601
406312801
257930301
304146401
218508801
398896101
175890601
274644101
435628501
295364101
239095801
354297501
439338901
310405101
213918601
308262501
442555801
330773401
184723901
125851201
263175301
32476301
423638201
24611501
445155401
438366101
186239901
415261701
280777301
418233501
458636701
401878801
391060501
219547301
407833701
328574901
422681701
12728201
177798201
33999401
437460901
36232201
105342201
423717201
367424801
431704301
406646701
152917801
435217501
244764201
183187901
468992701
372784101
298756901
481315301
414661901
341876701
303181201
421854301
333399501
382814401
380911601
279200801
189161601
439977901
256882301
209862501
180255101
180059301
408219301
4306701
430802601
240737601
406878601
264568101
195114301
185072501
202911501
333480701
221442301
217352701
406367201
117507001
315678701
433322801
228515101
382737201
178565501
305629201
178317501
442569701
271839901
188813901
417214101
335716001
125365701
174197101
254532901
393440901
317235601
310468601
234690001
172117101
279631401
395906501
250469901
335579101
309972701
412669701
439534101
145358701
185717501
229686101
232368001
428418901
360585501
377208901
251785601
75329301
10231401
423662801
356732401
420770001
378738301
176151301
426108401
187617701
429869101
408130801
231428201
60314601
367217201
150476201
435388701
263877401
374561301
295374601
415623501
374995101
186315001
392110701
361217201
418042101
199610801
345126301
357200801
211048101
220640101
439870101
10835601
293389601
195239201
348607401
14795301
391648701
308230001
415488601
329626001
442543401
342060101
355517201
405517601
447091901
420499201
180704501
359980101
248800001
315607501
417529601
279718001
443870501
373772001
199568201
449911801
431987901
203670201
29335301
290704001
52518101
218456001
416956201
361949501
188827101
366940701
284531701
421754601
428880201
159259901
411438601
446969001
424729901
290054801
270214901
431617501
444193501
238675001
451390701
424470901
170630701
442471601
257253901
407330201
448388001
143682101
188096001
309481001
310579001
239292701
364627301
432951601
208300501
176088601
17029101
305400801
298957401
44577801
435261801
433038101
285185401
348043701
221686301
125785201
187131101
388333801
343837701
311204101
365506601
261649301
395459901
330149201
385234701
79000901
415803501
433043201
31097401
425476301
205142001
437656301
341912601
190098901
436908501
195496801
301530101
444717801
203744201
149613601
261543801
107357001
28868901
358626701
456126601
277200401
389310601
417069601
378982601
423031401
448184801
368037001
303818101
377747301
352579801
325168901
256728901
148738401
223947401
29804401
394847701
394083201
125351501
55568001
413074101
267539201
257787301
377165801
316669401
226375601
213777901
431217501
357377001
430096501
418850301
295832401
311319101
237924501
203970301
340946601
347050501
422018101
445626401
420468401
300704601
151613801
377284801
483309501
189160601
395935501
38280901
291232001
79431001
401008601
268071601
216906901
243525601
30841601
253672401
186821501
456979101
396632001
370091301
266924901
322649701
316063501
344145001
105871001
179927201
445277101
405742301
321698101
28853901
315578201
50078601
314384401
173568101
410053601
426121501
380558901
372729901
195052401
56556701
439227401
306236801
190662801
442638101
268614101
268413601
476815701
184934401
380268101
228466301
412370601
451198501
451775301
270077201
336146801
122796601
350429501
394841901
12524101
421985001
382402401
4785001
201509101
417894401
450466701
251949501
406429401
16435201
416042301
393196001
197168001
292361401
179489801
403397201
405435301
443375401
406995401
116741801
255837201
308051301
422425701
140826701
125330701
117011201
143240301
284722501
352001601
342707201
13968101
358119301
144966301
186849601
193059301
293850801
262786901
213003201
165983001
490694301
253713801
357670901
184474801
53458001
415158201
220175701
357535401
477890701
333019701
55287901
425043201
194394601
230571001
307193501
347918701
201901
388486901
332739501
141561001
278102501
383202801
374084101
265324901
139857801
277147101
384899901
310483201
65431601
415864401
303070801
175955001
246593101
398816101
286474801
404744401
421165201
370560601
433970801
193369701
439835601
98901001
435606701
383133701
305924201
360729301
428854501
144143401
52495801
108501401
443679901
430020701
435063101
326170701
355020201
150662201
82564201
371352301
143425601
425319901
364116901
435777301
254278201
403526501
258885501
320492301
193300401
399434201
336401
96041301
407618401
354667001
84943001
352310201
229386801
316621901
95763901
330380501
384371401
400969501
137492201
485309701
213115301
144175501
432334901
329671001
381139901
95543101
181554201
305830601
359562001
117106601
307889201
372397801
333021001
252834201
403071201
433496001
473708901
431623601
369591301
400952401
390091401
107716801
411967901
255761101
339178001
65716001
92869201
82094601
446194601
427305301
89469201
177174701
397739201
285898501
79493201
325051301
290403201
283705501
143601301
207163001
279660401
188137201
352994001
349673001
34303401
146839601
477281001
187221301
55061001
404214801
80075101
448089301
264336601
386187501
233224401
14310001
437639601
250721901
395762401
31947201
29049701
156945801
257937401
404079001
410497301
185493701
427301101
349251001
270812701
178348101
233446801
256689001
368172201
396756001
240128201
431070401
422758801
154455601
462576201
204383801
289295501
487060301
219889701
394297801
1227401
416495901
447211001
289358801
300399501
227972701
270474601
209611301
410124001
369399301
346863701
61294701
190901301
300736001
236392001
185947501
45641401
21168701
36877401
378398801
141151901
366987001
195638201
268399801
317227801
426902001
331783601
440846901
230864001
324030001
31995401
91008201
275953301
441139601
85286001
373063601
357462701
417670301
459124901
410487101
177699701
307905701
10292601
333123301
383919501
379654901
185862201
31891901
438875401
326677201
277986601
119007701
216895701
146810801
436246701
412889401
335275801
299581001
448145701
378316001
369688001
245725301
286506401
292415101
217180101
397442101
66232301
202152101
393272201
389583401
22993501
307601501
343764401
313204301
339842601
91226301
202688001
341646501
120394901
281017401
66184101
37033601
185512501
75626601
361508601
441138001
299685701
318960201
271682601
264408601
438300401
335935701
210973401
395877501
231048601
109090401
118771901
215521801
82634701
106840401
32165601
87184301
413896901
65109101
358001101
422324001
354184301
164811001
116060101
423287601
55567601
32341501
357945701
148561701
312933201
426768101
431731601
418703201
301101601
243404001
28885601
450094301
29296001
105720301
264702001
420304601
378965301
265430301
55613301
333190101
300844701
388105301
24825401
57855001
382242401
370010901
420813301
117631801
426191701
175570801
395188601
21919601
241591901
258793001
180083501
310455401
187831301
177551101
341243701
3129701
3738501
151744301
20847101
42020001
189536501
192574601
295072701
152336801
255840401
88618901
405053601
224891601
14380501
36634401
409382201
290555701
310832101
395687301
192990901
274250501
12439501
297557501
277653401
355036001
270376401
216485701
326509301
264599001
361513301
317658901
20728901
151230001
436413701
206452501
252909601
375759101
144791701
375385801
114341501
294194501
144010301
179209301
124708201
243140101
302394101
370527901
338979601
177358801
388615501
152281201
401752701
330782101
439928201
218303001
34998401
436543801
155887401
105401701
355209901
228606301
338081001
5619801
324185801
148141201
3612301
190718601
443960201
448516301
89320901
159826601
189796401
36294601
361697501
211218501
370817501
91696201
271888301
305851501
54198501
340460301
214990301
427139501
349780101
176252201
207211201
183554401
373048101
52739301
318770001
251724901
353762401
303155401
125196101
296399701
267622701
7748801
253783501
124675801
115595001
226882201
458777201
265579201
283015901
306880101
32809001
265905201
422555101
105427101
5440401
393851501
64926901
490091801
281075301
176006301
180691601
315605101
413953901
346846801
360432601
269941301
391608001
425092101
489375901
50094101
363338901
106588301
52956901
358609101
4028401
34124401
32943201
21958301
417918401
229095801
314653501
388964601
274104201
173519901
459233601
378339201
375055001
124023301
296432201
286117301
282638201
201006101
37895201
344232501
152592601
52490201
254067001
373078901
376188501
234526601
175396401
208517401
178707701
49465201
263732901
65990201
308791101
376083301
273626701
101187801
386818501
345932801
392608101
87952001
33459601
406022001
251026701
325098301
400821401
245577801
355023601
395752801
75219901
265026001
359144701
398895701
85212701
360930501
264225801
360308601
313864201
310816801
32185301
251222501
424854101
410228801
377132501
49401
243914501
420542301
246458501
120442701
10502201
183590901
30839201
313557801
445393001
148064901
29023401
466015401
307657601
429185801
24650001
449582301
192342601
419181901
243699801
276767401
49059001
74750501
249053201
95266401
212700001
383926101
429041801
444003601
355020501
224178901
431088401
187426001
428611701
207166201
437134301
443557201